0.8711193447215904
0.5171825198239348
0.8798318920875439
0.9811000571320452
0.9708480264507947
0.9727554395978817
0.7856034281699235
0.7985614507534695
0.8020426071323826
0.953179911129534
0.7674395888884926
0.8425296284350321
0.9574877677114768
0.5298358149685749
0.8440887538709558
0.9508603286690179
0.7463530178766775
0.9490080032960345
0.8711750302664863
0.8438714030038775
0.7499168401538998
0.8927937704389007
0.795087338663925
0.8336424961616145
0.6689732932336874
0.8832496082789562
0.948217742345193
0.953049496346504
0.524946272325483
0.8035337134011171
0.6979547761564944
0.44796130898448083
0.6819406868219777
0.7851823379286316
0.8033028683623538
0.7321816504738712
0.9726425074279395
0.8654333367672971
0.7822149073307776
0.9709937128364181
0.8950725736018891
0.8334321973853999
0.5030015115140813
0.8541385422760901
0.5607015779199271
0.9915927209083307
0.6590703564664893
0.8430549350332491
0.47110394370351605
0.9903297356681269
0.7857960090669152
0.48816495717609887
0.6844090230012088
0.8434164507465701
0.982751915728682
0.925589338001998
0.7313464127463589
0.963470223737851
0.8256134613392069
0.2518150371030575
0.9438974577710659
0.9819284434990156
0.8661999636893758
0.9676728708737011
0.9929550567358474
0.8256184773592834
0.8487637810369291
0.8006900093704218
0.8547182313671156
0.9261166005217637
0.6509854166605653
0.8972531493569202
0.8258026743485993
0.506886559791982
0.6129644022388323
0.6278896450923045
0.8302029813875329
0.8849412146538362
0.966849032753165
0.43564658086319985
0.7213644055992844
0.907343313118104
0.9354971288860388
0.7825624765033956
0.5162757385487906
0.5502468541310632
0.7977024437105835
0.9957224275371326
0.8252304721187316
0.646581228318099
0.727715917519572
0.7849519294466625
0.9544631878090706
0.9670342412859075
-0.07443592290679302
-0.027665109728973958
0.49822530272129295
0.942554486336543
0.6425026437946388
0.9151076661869869
0.9164407020630776
0.8100601463136271
0.47111276830304083
0.7397702974292515
0.7934459265427277
0.9813903308471712
0.4542308604865437
0.68504355053007
0.9846261027012466
0.5415486568194204
0.8659274881253933
0.9415924833213445
0.9555653977810847
0.9274177044652121
0.8985163162000523
0.8648609110778896
0.7472910060207144
0.7682518080442251
0.8747587572070716
0.8238120252275726
0.9853619497877131
0.9923791714328211
0.8993148910412174
0.8452422343841213
0.9892416105259834
0.9556061234568916
0.897506274723631
0.9354392187704885
0.9143772062364748
0.773244550505825
0.860910482782627
0.9871959722503106
0.8367100001942877
0.9232792635731879
0.8899172421319093
0.9913875232614124
0.9236200004831194
0.6131175528048523
0.47852188872602996
0.9932603526024248
0.9389099230113941
0.8480360332872499
0.8269839577191462
0.8521201806369545
0.9169540019222757
0.8231547365034148
0.8493007408283807
0.9867401045787393
0.8599577749839907
0.8202734066053968
0.3889557439636623
0.8283902065684174
0.8128193312457239
0.8774940245458065
0.7368403680893814
0.7832978383870653
0.7713559963422318
0.7960209459256038
0.6676638812081765
0.6481036748342996
0.8904271338498353
0.903303451809582
0.7937611745501539
0.8738647580657711
0.6071639161423006
0.8659670038895122
0.9170302178732422
0.9537082559677268
0.9833066120658014
0.9008275735904325
0.716363075071699
0.8394968206523832
0.7486626709632009
0.5534923348480427
0.8588895443790217
0.9808870868303368
0.8395212830844239
0.9598835874795864
0.8637029774329499
0.9210893116231484
0.7648646222971928
0.36030992754579816
0.9904828046767239
0.8236930492282588
0.9995847453029565
0.8313854250029231
0.9525913400427246
0.6887431629915395
0.6293567641317971
0.8774839918289026
0.9456438311440643
0.7486467341527345
0.6570356048441992
0.6146452243950506
0.7867453880610613
0.9653310086811224
0.9661727344926387
0.7038002216486827
0.7128831855790361
0.7811363577416881
0.9672937940494204
0.6327364298052934
0.7164109893844588
0.8614033096032399
0.7309437076686729
0.9352404281854678
0.9536497696845132
0.6964295127376479
0.71399012159755
0.8428145727948785
0.976629741786499
0.7041045480465901
0.7467221745974963
0.8207332916644607
0.792461782632454
0.8085979902151699
0.9625498513673032
0.938010624430606
0.9142022624123174
0.9360246907610764
0.8511728857577189
0.9924166392311301
0.5236722100474427
0.9026759743143407
0.8375368380516618
0.8309052513673645
0.9286671724377169
0.8573545734621733
0.5909001725275711
0.9631342035235604
0.5060608881780475
0.8677645657046861
0.7233615517820697
0.9060394536749482
0.8875133735100762
0.6165842902695196
0.5583044631722561
0.9159103045055522
0.6205360436986334
0.6207061331329617
0.3537328411726175
0.9050397692712691
0.8237699748203
0.3811106113419882
0.6578231401571297
0.7149180169409182
0.9503244968922764
0.9379984594879519
0.6246557237387289
0.9939325775569633
0.909328145584113
0.7880712588690265
0.8807630191726327
0.9149012203805991
0.6828486046981808
0.8959469182316024
0.6551141210216771
0.6404994802657982
0.8153366305223858
0.690799786904164
0.8826192358284383
0.7775948433966142
0.8799715318904157
0.6852210480641824
0.4636968447042592
0.9086842579333722
0.8452955504183245
0.8223515412951834
0.9413451267256456
0.8318476284041447
0.8624458247777528
0.6786957847557435
0.8954176932812294
0.9781963953508069
0.8175526376053021
0.9288800144784937
0.9083515832179614
0.8564876237262593
0.19464287542240255
0.7615693574674401
0.8713986638906122
0.9786217930802646
0.9807231210959073
0.6530484279653992
0.9244881350961727
0.5631363643542414
0.7121192211543612
0.9361479147136093
0.9327946778290919
0.6990720356019716
0.7648564839103901
0.8288265628148872
0.8512834474379222
0.795427779116642
0.7644992642923308
0.9813418468513256
0.8554413399029539
0.7602602454753369
0.8338676540839484
0.9937268189873311
0.9557169165881991
0.7123635906684395
0.9840062975428787
0.8270311221145555
0.7684356193365266
0.9381301304167898
0.7573127225285122
0.8643993633598264
0.9459592014333359
0.7607860426355665
0.9418634273933758
0.908315817381129
0.9089989709527924
0.7670895334914802
0.808498504355795
0.9804031938042134
0.8726893104480413
0.8974128431392459
0.9520529348997268
0.7778865029532244
0.9811191096362823
0.9417400880432671
0.9233354097580768
0.9400751593151944
0.8820046952950013
0.8376687681900197
0.8813702720594482
0.8347248077817508
0.9095895768847646
0.4638236489756067
0.8346142663862638
0.7116887918867286
0.4819442433689405
0.789519071483255
0.783269579003919
0.7793557228097282
0.848852928609105
0.529314634507283
0.880586974567089
0.9192893101122769
0.8900949757310219
0.9976562467897602
0.6333290370780492
0.7707737442099224
0.6561157890938623
0.982496366871976
0.38333747346745173
0.960532404673607
0.9544696041275722
0.6132752902797585
0.8346031226797821
0.8641380588213976
0.8975208855536578
0.904762313966882
0.8825424968237546
0.6964067466073398
0.7746285563632017
0.7568420469569228
0.7570699805215513
0.9734038799489854
0.95553257948268
0.7993352080927278
0.4859105387251317
0.4967335107530888
0.8171569779166931
0.7595907537936604
0.9581755700254247
0.46832922862834403
0.5569060562803061
0.7748231974483405
0.6170776000568385
0.6352088419195535
0.8591827841756823
0.8526164963538725
0.8918348716634046
0.9971449577456859
0.889647701781372
0.5745342468116345
0.997857095525447
0.7116098289015779
0.9835855409814039
0.9147805811580363
0.9315883528620938
0.9464667120938408
0.97166968215835
0.7994115629219173
0.5282836667089263
0.9432109198174898
0.7468531234019102
0.9911806630598399
0.8122265466459343
0.8564546023963552
0.9172074608647495
0.5899537537424574
0.9931912345921728
0.9080367543152734
0.9577750205283063
0.8532027156289114
0.5251176941467961
0.14219472357170426
0.918834042359918
0.8850120850433156
0.4046856603178731
0.04696690754448385
0.692193683095115
0.879441291898515
0.5692229729370504
0.9561284557162727
0.6339231945189336
0.8557350762225278
0.8855261499871092
0.7136621462397434
0.9393258915587809
0.9702255967688246
0.8883841628943442
0.7352589196981372
0.20914021062699217
0.9641497584349823
0.8854193859691267
0.899762589671192
0.9871983889240747
0.6561729737654558
0.8803834354625775
0.9861514737279713
0.9749675436227749
0.9296181069760304
0.8468395179858946
0.8453119481771016
0.9480056527133961
0.9030142995519891
0.7347319431572052
0.9509662612883174
0.9761310802542036
0.8249454415171373
0.7494753644064748
0.7355178365245711
0.799343465371638
0.6686881338234509
0.5062382943516373
0.8794576830149956
0.4967616356864213
0.45658347016032996
0.9387780482765167
0.9600612012347035
0.7123567746819963
0.6942761660905519
0.29956314988882304
-0.3671756223103022
0.9667038838357189
0.978032592393368
0.7990059576360716
0.9033334922152026
0.5123497531639771
